[0,0,0,0,0] takes 1.7880001 vec: 0
[0,0,0,0,0] takes 1.7959999 vec: 0
[1,1,1,0,0] takes 0.87799996 vec: 7
[1,0,0,1,0] takes 1.802 vec: 9
[0,1,1,1,0] takes 0.884 vec: 14
[0,1,0,0,1] takes 0.864 vec: 50
[0,0,1,0,0] takes 1.798 vec: 36
[1,1,1,0,0] takes 0.85200006 vec: 39
[1,0,0,1,1] takes 1.82 vec: 25
[1,0,0,1,1] takes 1.8180001 vec: 57
[1,0,1,1,1] takes 1.8033333 vec: 29
[1,1,0,1,0] takes 0.89000005 vec: 11
[1,1,0,0,0] takes 0.86600006 vec: 3
[0,0,1,0,0] takes 1.7966666 vec: 54
[0,0,1,1,1] takes 1.8060001 vec: 14
[1,1,0,0,0] takes 0.86 vec: 17
[0,1,1,1,1] takes 0.858 vec: 12
[0,0,0,1,0] takes 1.784 vec: 58
[0,0,0,0,1] takes 1.8219999 vec: 2
[0,1,0,0,1] takes 0.87 vec: 62
[0,1,0,1,1] takes 0.88 vec: 54
[0,0,0,1,1] takes 1.8075 vec: 52
[1,1,1,1,0] takes 0.89400005 vec: 35
[0,1,0,1,0] takes 0.89399993 vec: 6
[1,1,1,1,1] takes 0.866 vec: 51
[0,1,1,1,0] takes 0.87799996 vec: 15
[1,0,0,1,1] takes 1.8139999 vec: 56
[0,1,1,0,1] takes 0.88199997 vec: 23
[1,0,0,0,0] takes 1.7974999 vec: 32
[1,1,1,0,0] takes 0.864 vec: 38
[0,1,1,0,0] takes 0.90199995 vec: 39
[1,1,1,0,0] takes 0.88199997 vec: 39
